MAE: 0.16068320640936118
RMSE: 0.25682436209688125
R2: -0.8059731181244207
Samples: 36110